0.70578504
0.28140563
0.5774954
0.22270013
0.51561993
0.16451646
0.5312094
0.46879062
0.5926666
0.48438004
0.70578504
0.1066906
0.48438004
0.6654106
0.70578504
0.46879062
0.5312094
0.08035747
0.51561993
0.5621765
0.48438004
0.5926666
0.5
0.07585818
0.5
0.4378235
0.4073334
0.5774954
0.6791787
0.1066906
0.48438004
0.4073334
0.5
0.51561993
0.5774954
0.22270013
0.5312094
0.18242553
0.1480472
0.12592277
0.6513549
0.0675467
0.20181322
0.26894143
0.04742587
0.11279541
0.89912134
0.02758528
0.24508502
0.6791787
0.06008665
0.2120688
0.692642
0.01798621
0.39233685
0.7981868
0.05033063
0.37754068
0.6654106
0.01590639
0.30735803
0.46879062
0.06008665
0.30735803
0.909907
0.02758528
0.256832
0.22270013
0.2120688
0.20181322
0.7981868
0.10087863
0.39233685
0.03732689
0.3629692
0.08035747
0.33458942
0.13296424
0.256832
0.03514485
0.256832
0.06008665
0.5926666
0.10087863
0.37754068
0.30735803
0.33458942
0.19193278
0.23370637
0.07585818
0.3629692
0.4073334
0.10087863
0.19193278
0.29421496
0.03963884
0.30735803
0.05033063
0.07585818
0.07585818
0.8080672
0.0675467
0.33458942
0.03963884
0.3629692
0.07585818
0.76629364
0.15610489
0.5
0.05033063
0.34864512
0.11279541
0.6076632
0.14033626
0.34864512
0.09009299
0.34864512
0.13296424
0.8080672
0.07585818
0.45326185
0.6370308
0.29421496
0.54673815
0.45326185
0.04468087
0.4073334
0.754915
0.11920292
0.51561993
0.51561993
0.02758528
0.3629692
0.3629692
0.09534947
0.30735803
0.8267118
0.02595736
0.30735803
0.16451646
0.23370637
0.2120688
0.754915
0.0715912
0.4378235
0.03114383
0.3629692
0.063715
0.5312094
0.15610489
0.3208213
0.04468087
0.29421496
0.07585818
0.7185944
0.1066906
0.42250463
0.39233685
0.29421496
0.28140563
0.39233685
0.07585818
0.4378235
0.39233685
0.34864512
0.26894143
0.29421496
0.06008665
0.39233685
0.063715
0.39233685
0.1480472
0.74316806
0.0715912
0.4073334
0.05340333
0.5774954
0.11279541
0.6791787
0.10087863
0.45326185
0.05340333
0.4378235
0.1480472
0.51561993
0.256832
0.3629692
0.05340333
0.34864512
0.11279541
0.6791787
0.23370637
0.3629692
0.19193278
0.24508502
0.23370637
0.51561993
0.19193278
0.3629692
0.24508502
0.19193278
0.22270013
0.5774954
0.12592277
0.29421496
0.08509905
0.28140563
0.14033626
0.81757444
0.14033626
0.30735803
0.09009299
0.46879062
0.1732882
0.70578504
0.18242553
0.6513549
0.20181322
0.34864512
0.34864512
0.42250463
0.3208213
0.54673815
0.24508502
0.28140563
0.6076632
0.5312094
0.3208213
0.54673815
0.34864512
0.30735803
0.6791787
0.4073334
0.3208213
0.51561993
0.37754068
0.48438004
0.48438004
0.4378235
0.16451646
0.45326185
0.256832
0.48438004
0.39233685
0.6076632
0.19193278
0.46879062
0.24508502
0.5
0.33458942
0.5312094
0.24508502
0.6370308
0.07585818
0.13296424
0.26894143
0.48438004
0.24508502
0.45326185
0.07585818
0.0715912
0.42250463
0.7185944
0.22270013
0.48438004
0.23370637
0.09009299
0.5926666
0.51561993
0.19193278
0.45326185
0.34864512
0.46879062
0.4378235
0.46879062
0.05665243
0.37754068
0.15610489
0.46879062
0.29421496
0.7310586
0.08509905
0.46879062
0.1480472
0.5312094
0.28140563
0.6076632
0.1732882
0.6370308
0.02758528
0.1732882
0.16451646
0.4073334
0.26894143
0.42250463
0.02595736
0.12592277
0.256832
0.6654106
0.22270013
0.42250463
0.10087863
0.10087863
0.39233685
0.37754068
0.19193278
0.4073334
0.29421496
0.48438004
0.23370637
0.45326185
0.03514485
0.39233685
0.09534947
0.48438004
0.16451646
0.74316806
0.0675467
0.45326185
0.10087863
0.62245935
0.22270013
0.6370308
0.1480472
0.5621765
0.03514485
0.11920292
0.14033626
0.4378235
0.39233685
0.30735803
0.01798621
0.14033626
0.1480472
0.76629364
0.45326185
0.39233685
0.0715912
0.23370637
0.29421496
0.5621765
0.30735803
0.28140563
0.09534947
0.13296424
0.08509905
0.34864512
0.08509905
0.23370637
0.04208773
0.22270013
0.06008665
0.754915
0.16451646
0.37754068
0.07585818
0.5926666
0.13296424
0.5621765
0.28140563
0.5926666
0.03308598
0.20181322
0.12592277
0.46879062
0.37754068
0.34864512
0.02033235
0.2120688
0.12592277
0.76629364
0.4073334
0.45326185
0.11279541
0.28140563
0.29421496
0.51561993
0.34864512
0.3208213
0.12592277
0.3208213
0.12592277
0.39233685
0.11920292
0.26894143
0.04468087
0.45326185
0.09009299
0.74316806
0.2120688
0.34864512
0.07585818
0.6513549
0.15610489
0.5621765
0.30735803
0.46879062
0.05033063
0.20181322
0.1480472
0.5
0.37754068
0.26894143
0.02442309
0.15610489
0.07585818
0.70578504
0.4073334
0.30735803
0.06008665
0.14033626
0.13296424
0.5312094
0.4073334
0.3208213
0.0715912
0.256832
0.11279541
0.51561993
0.23370637
0.23370637
0.03963884
0.39233685
0.11279541
0.7310586
0.33458942
0.3629692
0.09009299
0.5621765
0.18242553
0.54673815
0.34864512
0.6370308
0.20181322
0.4073334
0.46879062
0.37754068
0.24508502
0.5926666
0.22270013
0.51561993
0.6370308
0.51561993
0.2120688
0.51561993
0.30735803
0.5312094
0.6076632
0.42250463
0.20181322
0.54673815
0.4378235
0.5312094
0.6076632
0.42250463
0.11279541
0.54673815
0.3629692
0.34864512
0.54673815
0.6076632
0.09534947
0.5926666
0.42250463
0.37754068
0.5621765
0.5774954
0.19193278
0.6513549
0.23370637
0.20181322
0.4378235
0.54673815
0.1480472
0.42250463
0.15610489
0.30735803
0.42250463
0.7879312
0.09534947
0.30735803
0.18242553
0.30735803
0.33458942
0.5774954
0.09009299
0.42250463
0.48438004
0.18242553
0.34864512
0.5926666
0.02595736
0.45326185
0.33458942
0.08035747
0.29421496
0.85195273
0.02442309
0.42250463
0.33458942
0.15610489
0.34864512
0.7879312
0.08509905
0.5774954
0.09009299
0.14033626
0.23370637
0.5621765
0.15610489
0.28140563
0.03514485
0.37754068
0.1066906
0.7981868
0.08035747
0.26894143
0.06008665
0.45326185
0.08035747
0.48438004
0.08035747
0.33458942
0.1066906
0.20181322
0.10087863
0.42250463
0.03963884
0.42250463
0.03514485
0.1066906
0.06008665
0.7879312
0.04208773
0.39233685
0.05033063
0.34864512
0.1066906
0.81757444
0.11920292
0.42250463
0.0675467
0.51561993
0.20181322
0.39233685
0.29421496
0.33458942
0.05033063
0.5312094
0.22270013
0.5
0.33458942
0.4378235
0.20181322
0.5774954
0.4073334
0.2120688
0.29421496
0.4378235
0.22270013
0.1732882
0.37754068
0.39233685
0.1066906
0.37754068
0.05340333
0.16451646
0.1732882
0.7879312
0.11920292
0.39233685
0.05340333
0.45326185
0.14033626
0.7185944
0.19193278
0.48438004
0.05665243
0.54673815
0.2120688
0.48438004
0.3208213
0.37754068
0.04208773
0.62245935
0.256832
0.6370308
0.33458942
0.4378235
0.1066906
0.6370308
0.42250463
0.37754068
0.34864512
0.4073334
0.15610489
0.3208213
0.22270013
0.45326185
0.09009299
0.3629692
0.03963884
0.3208213
0.11920292
0.81757444
0.1066906
0.3629692
0.04208773
0.6076632
0.11279541
0.74316806
0.16451646
0.46879062
0.1066906
0.45326185
0.28140563
0.51561993
0.33458942
0.34864512
0.07585818
0.51561993
0.23370637
0.6513549
0.34864512
0.4073334
0.15610489
0.5621765
0.39233685
0.4378235
0.37754068
0.30735803
0.16451646
0.1732882
0.12592277
0.54673815
0.13296424
0.28140563
0.06008665
0.20181322
0.09009299
0.7981868
0.1480472
0.26894143
0.0675467
0.45326185
0.1066906
0.7310586
0.20181322
0.45326185
0.29421496
0.54673815
0.34864512
0.39233685
0.4073334
0.46879062
0.26894143
0.5312094
0.37754068
0.39233685
0.39233685
0.46879062
0.30735803
0.5312094
0.4073334
0.3629692
0.3629692
0.6370308
0.23370637
0.6513549
0.62245935
0.39233685
0.24508502
0.5312094
0.1480472
0.6791787
0.6370308
0.5926666
0.23370637
0.5621765
0.16451646
0.6654106
0.51561993
0.46879062
0.3208213
0.4073334
0.07585818
0.62245935
0.3208213
0.4073334
0.42250463
0.45326185
0.02161533
0.5312094
0.29421496
0.42250463
0.39233685
0.5
0.02161533
0.39233685
0.39233685
0.4073334
0.33458942
0.46879062
0.23370637
0.37754068
0.5312094
0.6513549
0.10087863
0.33458942
0.09009299
0.3629692
0.39233685
0.8596637
0.07585818
0.4378235
0.1066906
0.4073334
0.29421496
0.6654106
0.16451646
0.42250463
0.04468087
0.6076632
0.39233685
0.33458942
0.34864512
0.62245935
0.01495709
0.51561993
0.5
0.3629692
0.30735803
0.692642
0.02442309
0.48438004
0.74316806
0.39233685
0.26894143
0.37754068
0.20181322
0.42250463
0.28140563
0.39233685
0.10087863
0.37754068
0.13296424
0.5621765
0.14033626
0.74316806
0.04742587
0.46879062
0.14033626
0.5926666
0.256832
0.5312094
0.13296424
0.45326185
0.1732882
0.5
0.34864512
0.37754068
0.3629692
0.37754068
0.1066906
0.5621765
0.33458942
0.48438004
0.3629692
0.4073334
0.08035747
0.692642
0.256832
0.39233685
0.256832
0.3629692
0.4073334
0.37754068
0.4378235
0.39233685
0.19193278
0.3208213
0.28140563
0.3629692
0.37754068
0.5774954
0.22270013
0.3629692
0.22270013
0.5
0.34864512
0.5621765
0.3208213
0.42250463
0.20181322
0.46879062
0.30735803
0.39233685
0.34864512
0.3629692
0.14033626
0.54673815
0.28140563
0.5
0.33458942
0.37754068
0.08035747
0.74316806
0.18242553
0.48438004
0.28140563
0.39233685
0.22270013
0.6076632
0.3208213
0.2120688
0.33458942
0.39233685
0.1480472
0.5926666
0.26894143
0.30735803
0.34864512
0.48438004
0.15610489
0.62245935
0.29421496
0.39233685
0.37754068
0.42250463
0.1732882
0.46879062
0.33458942
0.39233685
0.42250463
0.39233685
0.09534947
0.48438004
0.26894143
0.5
0.4073334
0.42250463
0.06008665
0.5926666
0.16451646
0.6076632
0.34864512
0.46879062
0.11920292
0.6370308
0.37754068
0.39233685
0.51561993
0.45326185
0.10087863
0.6370308
0.3629692
0.4378235
0.51561993
0.5
0.14033626
0.62245935
0.39233685
0.46879062
0.48438004
0.7310586
0.22270013
0.30735803
0.33458942
0.4378235
0.26894143
0.6076632
0.3629692
0.24508502
0.6791787
0.6076632
0.256832
0.5926666
0.5312094
0.30735803
0.74316806
0.4378235
0.26894143
0.54673815
0.39233685
0.256832
0.7185944
0.5312094
0.28140563
0.45326185
0.14033626
0.37754068
0.5312094
0.5926666
0.34864512
0.4073334
0.1066906
0.51561993
0.42250463
0.54673815
0.39233685
0.70578504
0.15610489
0.07585818
0.24508502
0.5621765
0.1732882
0.39233685
0.2120688
0.02758528
0.39233685
0.84389514
0.15610489
0.39233685
0.48438004
0.03114383
0.54673815
0.62245935
0.15610489
0.37754068
0.24508502
0.03732689
0.5621765
0.754915
0.19193278
0.29421496
0.05340333
0.11920292
0.45326185
0.81757444
0.26894143
0.3629692
0.04742587
0.4378235
0.30735803
0.6370308
0.33458942
0.5926666
0.02758528
0.0675467
0.09534947
0.42250463
0.26894143
0.28140563
0.02442309
0.03963884
0.09534947
0.74316806
0.28140563
0.33458942
0.12592277
0.04468087
0.2120688
0.34864512
0.28140563
0.39233685
0.07585818
0.0675467
0.26894143
0.54673815
0.28140563
0.37754068
0.03963884
0.15610489
0.30735803
0.81757444
0.29421496
0.3629692
0.07585818
0.5621765
0.28140563
0.6791787
0.34864512
0.6791787
0.11279541
0.3629692
0.3208213
0.3208213
0.11279541
0.51561993
0.05340333
0.3629692
0.3208213
0.7185944
0.04742587
0.4073334
0.0715912
0.20181322
0.18242553
0.5926666
0.03308598
0.34864512
0.37754068
0.3208213
0.2120688
0.26894143
0.07585818
0.34864512
0.18242553
0.4073334
0.20181322
0.46879062
0.12592277
0.42250463
0.15610489
0.54673815
0.19193278
0.48438004
0.20181322
0.6791787
0.1066906
0.3629692
0.29421496
0.6791787
0.08509905
0.26894143
0.04742587
0.48438004
0.256832
0.85195273
0.04208773
0.33458942
0.0675467
0.46879062
0.3208213
0.4378235
0.04208773
0.4073334
0.22270013
0.48438004
0.28140563
0.34864512
0.1480472
0.3629692
0.10087863
0.5312094
0.22270013
0.54673815
0.24508502
0.45326185
0.1066906
0.6513549
0.23370637
0.5312094
0.3208213
0.45326185
0.09534947
0.22270013
0.1480472
0.62245935
0.12592277
0.26894143
0.14033626
0.3208213
0.09009299
0.8933094
0.06008665
0.4073334
0.6370308
0.3629692
0.45326185
0.6076632
0.03963884
0.3629692
0.18242553
0.4073334
0.256832
0.48438004
0.256832
0.3629692
0.11279541
0.46879062
0.24508502
0.5774954
0.3208213
0.42250463
0.12592277
0.5926666
0.28140563
0.54673815
0.37754068
0.54673815
0.20181322
0.5
0.30735803
0.42250463
0.23370637
0.5
0.22270013
0.46879062
0.4378235
0.5312094
0.1732882
0.51561993
0.29421496
0.51561993
0.45326185
0.5
0.14033626
0.42250463
0.42250463
0.54673815
0.46879062
0.42250463
0.14033626
0.42250463
0.256832
0.5312094
0.37754068
0.51561993
0.20181322
0.48438004
0.23370637
0.5621765
0.37754068
0.5
0.30735803
0.5312094
0.12592277
0.4073334
0.26894143
0.46879062
0.14033626
0.42250463
0.10087863
0.26894143
0.33458942
0.6791787
0.08035747
0.45326185
0.18242553
0.26894143
0.42250463
0.5926666
0.06008665
0.33458942
0.37754068
0.3208213
0.30735803
0.51561993
0.063715
0.33458942
0.14033626
0.4378235
0.24508502
0.6791787
0.11920292
0.42250463
0.12592277
0.5926666
0.26894143
0.5774954
0.23370637
0.5312094
0.0715912
0.42250463
0.20181322
0.4378235
0.14033626
0.45326185
0.07585818
0.4073334
0.256832
0.6370308
0.07585818
0.45326185
0.2120688
0.51561993
0.3629692
0.4378235
0.06008665
0.39233685
0.1732882
0.42250463
0.19193278
0.37754068
0.09534947
0.34864512
0.07585818
0.46879062
0.1732882
0.6076632
0.1480472
0.4378235
0.08035747
0.6370308
0.20181322
0.5621765
0.24508502
0.48438004
0.08035747
0.28140563
0.18242553
0.45326185
0.13296424
0.3208213
0.03732689
0.20181322
0.1480472
0.83548355
0.08035747
0.28140563
0.07585818
0.33458942
0.22270013
0.51561993
0.09534947
0.26894143
0.08509905
0.28140563
0.2120688
0.5621765
0.11279541
0.19193278
0.05665243
0.45326185
0.05665243
0.8267118
0.11920292
0.34864512
0.08509905
0.6076632
0.1066906
0.54673815
0.24508502
0.5312094
0.07585818
0.5
0.1732882
0.4378235
0.13296424
0.3629692
0.05340333
0.51561993
0.18242553
0.7185944
0.07585818
0.39233685
0.15610489
0.6791787
0.33458942
0.37754068
0.07585818
0.20181322
0.19193278
0.42250463
0.1480472
0.45326185
0.13296424
0.28140563
0.08035747
0.51561993
0.11279541
0.5774954
0.1732882
0.4073334
0.08035747
0.54673815
0.11920292
0.5
0.28140563
0.46879062
0.14033626
0.33458942
0.20181322
0.5312094
0.18242553
0.29421496
0.11920292
0.30735803
0.14033626
0.76629364
0.13296424
0.37754068
0.29421496
0.3629692
0.28140563
0.6076632
0.11279541
0.24508502
0.14033626
0.5
0.1732882
0.45326185
0.26894143
0.42250463
0.07585818
0.6791787
0.22270013
0.5312094
0.37754068
0.5312094
0.1066906
0.6654106
0.28140563
0.45326185
0.37754068
0.6791787
0.11279541
0.46879062
0.33458942
0.45326185
0.1732882
0.7310586
0.23370637
0.29421496
0.62245935
0.5774954
0.11920292
0.6076632
0.48438004
0.34864512
0.692642
0.5621765
0.12592277
0.5312094
0.5
0.42250463
0.692642
0.48438004
0.1066906
0.48438004
0.23370637
0.46879062
0.5621765
0.6076632
0.1066906
0.5
0.19193278
0.5621765
0.46879062
0.54673815
0.20181322
0.7772999
0.19193278
0.34864512
0.30735803
0.6076632
0.0675467
0.5926666
0.34864512
0.1480472
0.51561993
0.83548355
0.03308598
0.3629692
0.6654106
0.1066906
0.4378235
0.8080672
0.03308598
0.34864512
0.6791787
0.05340333
0.5312094
0.7310586
0.02931223
0.29421496
0.29421496
0.10087863
0.45326185
0.8740772
0.03308598
0.3629692
0.15610489
0.33458942
0.33458942
0.754915
0.09009299
0.5312094
0.18242553
0.30735803
0.13296424
0.5312094
0.063715
0.1732882
0.09534947
0.15610489
0.0715912
0.7772999
0.03514485
0.1732882
0.13296424
0.13296424
0.04208773
0.5926666
0.03963884
0.3208213
0.26894143
0.0715912
0.1732882
0.42250463
0.0715912
0.3208213
0.10087863
0.1066906
0.16451646
0.7981868
0.0675467
0.39233685
0.11279541
0.42250463
0.1732882
0.7185944
0.11920292
0.5
0.03114383
0.3208213
0.3629692
0.33458942
0.26894143
0.5312094
0.01495709
0.26894143
0.5621765
0.48438004
0.24508502
0.5774954
0.02033235
0.33458942
0.6370308
0.34864512
0.28140563
0.46879062
0.03963884
0.11279541
0.4378235
0.42250463
0.11920292
0.4378235
0.01098694
0.12592277
0.30735803
0.7185944
0.15610489
0.5312094
0.02161533
0.33458942
0.26894143
0.6513549
0.23370637
0.76629364
0.09009299
0.6370308
0.42250463
0.4378235
0.20181322
0.6513549
0.12592277
0.74316806
0.70578504
0.6370308
0.1732882
0.6654106
0.3629692
0.7981868
0.7879312
0.37754068
0.19193278
0.5926666
0.30735803
0.7310586
0.5926666
0.3208213
0.1480472
0.6076632
0.08035747
0.6654106
0.51561993
0.6513549
0.16451646
0.5926666
0.08509905
0.74316806
0.48438004
0.6513549
0.23370637
0.6076632
0.28140563
0.2120688
0.30735803
0.692642
0.11920292
0.26894143
0.28140563
0.09534947
0.256832
0.9046505
0.09009299
0.28140563
0.4073334
0.09009299
0.3208213
0.81757444
0.09534947
0.29421496
0.37754068
0.1066906
0.23370637
0.76629364
0.08509905
0.34864512
0.23370637
0.10087863
0.22270013
0.8740772
0.09534947
0.22270013
0.23370637
0.256832
0.256832
0.7981868
0.15610489
0.7310586
0.20181322
0.42250463
0.256832
0.51561993
0.1480472
0.6076632
0.34864512
0.42250463
0.5621765
0.692642
0.11279541
0.5621765
0.5621765
0.45326185
0.6513549
0.5
0.11279541
0.5621765
0.5621765
0.39233685
0.6791787
0.46879062
0.13296424
0.5312094
0.42250463
0.39233685
0.5926666
0.6513549
0.12592277
0.5312094
0.4073334
0.48438004
0.54673815
0.54673815
0.22270013
0.6791787
0.1732882
0.11920292
0.1480472
0.70578504
0.05340333
0.3208213
0.256832
0.05033063
0.15610489
0.9284088
0.02297737
0.3208213
0.6654106
0.04468087
0.29421496
0.7310586
0.02161533
0.37754068
0.6370308
0.04468087
0.48438004
0.692642
0.04208773
0.34864512
0.4073334
0.05665243
0.33458942
0.9046505
0.03963884
0.29421496
0.30735803
0.22270013
0.29421496
0.7879312
0.10087863
0.51561993
0.02931223
0.15610489
0.05033063
0.5312094
0.09534947
0.1732882
0.02297737
0.11920292
0.02297737
0.85195273
0.04208773
0.256832
0.16451646
0.0715912
0.04742587
0.37754068
0.03963884
0.30735803
0.08509905
0.15610489
0.1480472
0.42250463
0.07585818
0.30735803
0.01168726
0.1480472
0.08035747
0.81757444
0.0715912
0.29421496
0.01691491
0.37754068
0.0715912
0.76629364
0.11920292
0.6076632
0.0675467
0.28140563
0.30735803
0.4378235
0.14033626
0.46879062
0.04208773
0.4378235
0.37754068
0.8080672
0.063715
0.6791787
0.13296424
0.29421496
0.7981868
0.48438004
0.09009299
0.51561993
0.28140563
0.15610489
0.4378235
0.4378235
0.04742587
0.42250463
0.063715
0.07585818
0.24508502
0.7879312
0.08035747
0.28140563
0.04742587
0.3208213
0.11279541
0.8267118
0.15610489
0.6654106
0.09009299
0.28140563
0.16451646
0.6654106
0.09534947
0.4378235
0.16451646
0.28140563
0.22270013
0.89912134
0.03963884
0.46879062
0.4378235
0.2120688
0.6076632
0.6076632
0.05033063
0.3208213
0.3208213
0.14033626
0.24508502
0.62245935
0.03732689
0.30735803
0.05033063
0.12592277
0.11279541
0.8872046
0.063715
0.26894143
0.03514485
0.5
0.0715912
0.8267118
0.13296424
0.4378235
0.07585818
0.15610489
0.09009299
0.5621765
0.12592277
0.19193278
0.0715912
0.08509905
0.03514485
0.83548355
0.09009299
0.23370637
0.24508502
0.063715
0.09534947
0.6076632
0.08035747
0.22270013
0.16451646
0.0715912
0.0675467
0.62245935
0.08035747
0.2120688
0.06008665
0.08509905
0.04742587
0.84389514
0.1066906
0.18242553
0.05665243
0.33458942
0.06008665
0.7772999
0.15610489
0.7310586
0.23370637
0.3629692
0.29421496
0.46879062
0.15610489
0.5926666
0.4073334
0.30735803
0.6370308
0.6370308
0.11920292
0.5774954
0.5926666
0.37754068
0.7185944
0.45326185
0.12592277
0.5774954
0.5926666
0.37754068
0.7185944
0.45326185
0.12592277
0.54673815
0.42250463
0.3629692
0.6513549
0.62245935
0.12592277
0.5312094
0.39233685
0.45326185
0.5774954
0.54673815
0.22270013
0.70578504
0.23370637
0.09009299
0.2120688
0.6076632
0.063715
0.37754068
0.4073334
0.02758528
0.33458942
0.880797
0.03514485
0.37754068
0.7310586
0.03114383
0.51561993
0.6791787
0.03514485
0.37754068
0.7310586
0.03114383
0.51561993
0.6791787
0.03514485
0.34864512
0.4378235
0.03514485
0.39233685
0.89912134
0.03732689
0.30735803
0.30735803
0.16451646
0.3208213
0.7879312
0.1066906
0.54673815
0.03732689
0.09009299
0.063715
0.4378235
0.11920292
0.256832
0.04208773
0.04742587
0.05665243
0.7772999
0.09009299
0.30735803
0.24508502
0.05340333
0.15610489
0.3629692
0.08509905
0.30735803
0.24508502
0.05340333
0.15610489
0.34864512
0.08509905
0.30735803
0.05033063
0.05665243
0.08509905
0.8080672
0.09534947
0.30735803
0.05033063
0.3208213
0.09009299
0.76629364
0.1732882
0.5621765
0.03732689
0.10087863
0.09534947
0.5312094
0.11920292
0.30735803
0.02297737
0.10087863
0.08509905
0.93991333
0.0675467
0.29421496
0.11279541
0.16451646
0.30735803
0.45326185
0.0675467
0.6513549
0.11920292
0.256832
0.7185944
0.37754068
0.063715
0.62245935
0.04208773
0.08035747
0.51561993
0.7772999
0.08035747
0.3208213
0.05033063
0.30735803
0.22270013
0.8740772
0.15610489
0.5926666
0.03114383
0.19193278
0.063715
0.54673815
0.1066906
0.29421496
0.02161533
0.1732882
0.05033063
0.936285
0.0715912
0.29421496
0.13296424
0.39233685
0.26894143
0.5926666
0.07585818
0.5774954
0.70578504
0.33458942
0.74316806
0.39233685
0.03732689
0.39233685
0.13296424
0.15610489
0.37754068
0.85195273
0.05665243
0.256832
0.05340333
0.48438004
0.12592277
0.85195273
0.11920292
0.42250463
0.0675467
0.1480472
0.08035747
0.5312094
0.14033626
0.18242553
0.03963884
0.08509905
0.02595736
0.8740772
0.1066906
0.256832
0.16451646
0.10087863
0.10087863
0.7310586
0.08509905
0.22270013
0.37754068
0.05033063
0.1480472
0.6513549
0.0675467
0.19193278
0.08509905
0.063715
0.0715912
0.8596637
0.09009299
0.1732882
0.06008665
0.30735803
0.0675467
0.7981868
0.1480472
0.7310586
0.23370637
0.3629692
0.28140563
0.46879062
0.15610489
0.5926666
0.42250463
0.30735803
0.62245935
0.6370308
0.11920292
0.5774954
0.6076632
0.39233685
0.70578504
0.45326185
0.11920292
0.5774954
0.62245935
0.37754068
0.70578504
0.46879062
0.11920292
0.54673815
0.45326185
0.37754068
0.6370308
0.6370308
0.12592277
0.51561993
0.42250463
0.48438004
0.5774954
0.54673815
0.2120688
0.70578504
0.2120688
0.11279541
0.19193278
0.6370308
0.063715
0.37754068
0.37754068
0.04208773
0.29421496
0.8933094
0.03308598
0.39233685
0.7185944
0.063715
0.48438004
0.7185944
0.03114383
0.37754068
0.754915
0.03514485
0.51561993
0.6791787
0.03114383
0.33458942
0.5
0.03732689
0.37754068
0.89912134
0.03308598
0.28140563
0.34864512
0.16451646
0.29421496
0.7879312
0.09009299
0.54673815
0.04742587
0.19193278
0.04742587
0.5
0.1066906
0.22270013
0.063715
0.14033626
0.03732689
0.83548355
0.0715912
0.24508502
0.34864512
0.14033626
0.09009299
0.46879062
0.06008665
0.28140563
0.26894143
0.08509905
0.13296424
0.37754068
0.0715912
0.28140563
0.05665243
0.0715912
0.0715912
0.8080672
0.08509905
0.29421496
0.05665243
0.3629692
0.08035747
0.76629364
0.1480472
0.54673815
0.09009299
0.22270013
0.16451646
0.5312094
0.11920292
0.3208213
0.10087863
0.23370637
0.19193278
0.7981868
0.0675467
0.45326185
0.34864512
0.28140563
0.45326185
0.45326185
0.0675467
0.3208213
0.03963884
0.5774954
0.15610489
0.45326185
0.11279541
0.34864512
0.01590639
0.29421496
0.09534947
0.6370308
0.11279541
0.4378235
0.03308598
0.3629692
0.1480472
0.692642
0.18242553
0.51561993
0.06008665
0.29421496
0.11279541
0.46879062
0.11279541
0.33458942
0.0675467
0.26894143
0.10087863
0.7772999
0.05665243
0.42250463
0.30735803
0.26894143
0.24508502
0.48438004
0.05340333
0.42250463
0.04742587
0.6370308
0.3208213
0.46879062
0.11279541
0.48438004
0.02442309
0.62245935
0.26894143
0.692642
0.11920292
0.54673815
0.04208773
0.6654106
0.29421496
0.62245935
0.18242553
0.45326185
0.11920292
0.28140563
0.16451646
0.46879062
0.16451646
0.26894143
0.09534947
0.20181322
0.08035747
0.70578504
0.11920292
0.3208213
0.2120688
0.16451646
0.12592277
0.5
0.1066906
0.4378235
0.3208213
0.3629692
0.3629692
0.54673815
0.11279541
0.39233685
0.16451646
0.3629692
0.34864512
0.74316806
0.1480472
0.33458942
0.11920292
0.5
0.30735803
0.6791787
0.23370637