0.017986209962092
0.018124856652038
0.018264552222006
0.018405304299380
0.018547120562251
0.018690008739678
0.018833976611958
0.018979032010879
0.019125182819992
0.019272436974867
0.019420802463362
0.019570287325879
0.019720899655635
0.019872647598918
0.020025539355356
0.020179583178173
0.020334787374459
0.020491160305426
0.020648710386674
0.020807446088452
0.020967375935921
0.021128508509413
0.021290852444695
0.021454416433226
0.021619209222423
0.021785239615914
0.021952516473804
0.022121048712932
0.022290845307126
0.022461915287465
0.022634267742536
0.022807911818688
0.022982856720290
0.023159111709988
0.023336686108953
0.023515589297143
0.023695830713549
0.023877419856452
0.024060366283669
0.024244679612807
0.024430369521509
0.024617445747707
0.024805918089860
0.024995796407207
0.025187090620011
0.025379810709796
0.025573966719596
0.025769568754191
0.025966626980346
0.026165151627052
0.026365152985757
0.026566641410607
0.026769627318670
0.026974121190177
0.027180133568742
0.027387675061596
0.027596756339811
0.027807388138523
0.028019581257154
0.028233346559631
0.028448694974607
0.028665637495672
0.028884185181571
0.029104349156409
0.029326140609867
0.029549570797402
0.029774651040455
0.030001392726648
0.030229807309988
0.030459906311057
0.030691701317211
0.030925203982765
0.031160426029185
0.031397379245269
0.031636075487329
0.031876526679371
0.032118744813270
0.032362741948938
0.032608530214497
0.032856121806442
0.033105528989802
0.033356764098298
0.033609839534499
0.033864767769968
0.034121561345414
0.034380232870832
0.034640795025639
0.034903260558813
0.035167642289020
0.035433953104742
0.035702205964397
0.035972413896456
0.036244589999557
0.036518747442611
0.036794899464906
0.037073059376206
0.037353240556841
0.037635456457799
0.037919720600808
0.038206046578410
0.038494448054040
0.038784938762086
0.039077532507955
0.039372243168126
0.039669084690203
0.039968071092954
0.040269216466354
0.040572534971611
0.040878040841199
0.041185748378870
0.041495671959671
0.041807826029949
0.042122225107349
0.042438883780811
0.042757816710548
0.043079038628034
0.043402564335968
0.043728408708241
0.044056586689893
0.044387113297063
0.044720003616928
0.045055272807638
0.045392936098242
0.045733008788605
0.046075506249319
0.046420443921604
0.046767837317197
0.047117702018241
0.047470053677159
0.047824908016519
0.048182280828892
0.048542187976703
0.048904645392066
0.049269669076616
0.049637275101330
0.050007479606336
0.050380298800712
0.050755748962280
0.051133846437385
0.051514607640663
0.051898049054804
0.052284187230298
0.052673038785177
0.053064620404738
0.053458948841262
0.053856040913720
0.054255913507464
0.054658583573911
0.055064068130213
0.055472384258917
0.055883549107609
0.056297579888553
0.056714493878309
0.057134308417345
0.057557040909633
0.057982708822236
0.058411329684875
0.058842921089492
0.059277500689793
0.059715086200778
0.060155695398263
0.060599346118378
0.061046056257064
0.061495843769546
0.061948726669793
0.062404723029969
0.062863850979862
0.063326128706306
0.063791574452580
0.064260206517799
0.064732043256284
0.065207103076920
0.065685404442499
0.066166965869042
0.066651805925113
0.067139943231107
0.067631396458532
0.068126184329267
0.068624325614806
0.069125839135485
0.069630743759694
0.070139058403064
0.070650802027650
0.071165993641084
0.071684652295714
0.072206797087731
0.072732447156268
0.073261621682490
0.073794339888660
0.074330621037185
0.074870484429651
0.075413949405832
0.075961035342681
0.076511761653305
0.077066147785917
0.077624213222771
0.078185977479076
0.078751460101889
0.079320680668992
0.079893658787743
0.080470414093912
0.081050966250491
0.081635334946491
0.082223539895710
0.082815600835484
0.083411537525417
0.084011369746090
0.084615117297745
0.085222799998952
0.085834437685253
0.086450050207782
0.087069657431862
0.087693279235587
0.088320935508374
0.088952646149497
0.089588431066592
0.090228310174153
0.090872303391987
0.091520430643662
0.092172711854922
0.092829166952082
0.093489815860402
0.094154678502434
0.094823774796347
0.095497124654228
0.096174747980359
0.096856664669472
0.097542894604980
0.098233457657178
0.098928373681429
0.099627662516320
0.100331343981796
0.101039437877267
0.101751963979694
0.102468942041650
0.103190391789353
0.103916332920678
0.104646785103144
0.105381767971876
0.106121301127538
0.106865404134252
0.107614096517478
0.108367397761883
0.109125327309171
0.109887904555906
0.110655148851290
0.111427079494933
0.112203715734586
0.112985076763860
0.113771181719910
0.114562049681101
0.115357699664645
0.116158150624217
0.116963421447545
0.117773530953972
0.118588497891999
0.119408340936798
0.120233078687707
0.121062729665692
0.121897312310794
0.122736844979542
0.123581345942353
0.124430833380898
0.125285325385449
0.126144839952201
0.127009394980574
0.127879008270482
0.128753697519592
0.129633480320545
0.130518374158169
0.131408396406656
0.132303564326726
0.133203895062761
0.134109405639924
0.135020112961250
0.135936033804716
0.136857184820295
0.137783582526977
0.138715243309787
0.139652183416760
0.140594418955914
0.141541965892193
0.142494840044391
0.143453057082061
0.144416632522398
0.145385581727106
0.146359919899250
0.147339662080082
0.148324823145852
0.149315417804606
0.150311460592962
0.151312965872864
0.152319947828334
0.153332420462192
0.154350397592769
0.155373892850606
0.156402919675132
0.157437491311330
0.158477620806393
0.159523321006362
0.160574604552749
0.161631483879157
0.162693971207877
0.163762078546479
0.164835817684395
0.165915200189484
0.167000237404593
0.168090940444109
0.169187320190497
0.170289387290836
0.171397152153343
0.172510624943897
0.173629815582543
0.174754733740010
0.175885388834205
0.177021790026718
0.178163946219309
0.179311866050410
0.180465557891604
0.181625029844122
0.182790289735327
0.183961345115200
0.185138203252831
0.186320871132908
0.187509355452210
0.188703662616101
0.189903798735029
0.191109769621032
0.192321580784245
0.193539237429417
0.194762744452432
0.195992106436843
0.197227327650409
0.198468412041645
0.199715363236384
0.200968184534346
0.202226878905721
0.203491448987771
0.204761897081439
0.206038225147972
0.207320434805571
0.208608527326045
0.209902503631492
0.211202364290994
0.212508109517336
0.213819739163740
0.215137252720629
0.216460649312408
0.217789927694267
0.219125086249018
0.220466122983949
0.221813035527709
0.223165821127219
0.224524476644617
0.225888998554225
0.227259382939556
0.228635625490342
0.230017721499611
0.231405665860783
0.232799453064808
0.234199077197342
0.235604531935959
0.237015810547399
0.238432905884858
0.239855810385322
0.241284516066935
0.242719014526417
0.244159296936521
0.245605354043541
0.247057176164859
0.248514753186545
0.249978074561002
0.251447129304663
0.252921905995733
0.254402392771994
0.255888577328647
0.257380446916221
0.258877988338533
0.260381187950698
0.261890031657202
0.263404504910035
0.264924592706877
0.266450279589345
0.267981549641306
0.269518386487248
0.271060773290712
0.272608692752798
0.274162127110724
0.275721058136456
0.277285467135412
0.278855334945222
0.280430641934566
0.282011368002079
0.283597492575327
0.285188994609854
0.286785852588308
0.288388044519631
0.289995547938329
0.291608339903820
0.293226396999855
0.294849695334016
0.296478210537292
0.298111917763740
0.299750791690214
0.301394806516187
0.303043935963647
0.304698153277073
0.306357431223503
0.308021742092679
0.309691057697271
0.311365349373201
0.313044587980036
0.314728743901477
0.316417787045933
0.318111686847182
0.319810412265116
0.321513931786578
0.323222213426292
0.324935224727873
0.326652932764932
0.328375304142272
0.330102304997176
0.331833901000776
0.333570057359530
0.335310738816773
0.337055909654375
0.338805533694482
0.340559574301351
0.342317994383281
0.344080756394635
0.345847822337954
0.347619153766164
0.349394711784881
0.351174457054802
0.352958349794196
0.354746349781482
0.356538416357909
0.358334508430318
0.360134584474010
0.361938602535693
0.363746520236536
0.365558294775307
0.367373882931602
0.369193241069175
0.371016325139351
0.372843090684537
0.374673492841822
0.376507486346662
0.378345025536671
0.380186064355481
0.382030556356713
0.383878454708020
0.385729712195226
0.387584281226555
0.389442113836943
0.391303161692437
0.393167376094681
0.395034707985489
0.396905107951499
0.398778526228913
0.400654912708316
0.402534216939587
0.404416388136878
0.406301375183682
0.408189126637976
0.410079590737446
0.411972715404788
0.413868448253081
0.415766736591242
0.417667527429548
0.419570767485240
0.421476403188187
0.423384380686632
0.425294645853001
0.427207144289777
0.429121821335452
0.431038622070533
0.432957491323617
0.434878373677530
0.436801213475525
0.438725954827542
0.440652541616524
0.442580917504792
0.444511025940474
0.446442810163992
0.448376213214596
0.450311177936953
0.452247646987783
0.454185562842546
0.456124867802170
0.458065503999829
0.460007413407759
0.461950537844120
0.463894818979893
0.465840198345820
0.467786617339372
0.469734017231759
0.471682339174969
0.473631524208840
0.475581513268155
0.477532247189773
0.479483666719777
0.481435712520651
0.483388325178478
0.485341445210151
0.487295013070616
0.489248969160115
0.491203253831454
0.493157807397281
0.495112570137369
0.497067482305920
0.499022484138857
0.500977515861143
0.502932517694081
0.504887429862631
0.506842192602719
0.508796746168546
0.510751030839885
0.512704986929383
0.514658554789848
0.516611674821522
0.518564287479349
0.520516333280223
0.522467752810227
0.524418486731845
0.526368475791160
0.528317660825031
0.530265982768241
0.532213382660628
0.534159801654180
0.536105181020107
0.538049462155880
0.539992586592241
0.541934496000171
0.543875132197830
0.545814437157454
0.547752353012217
0.549688822063047
0.551623786785404
0.553557189836008
0.555488974059526
0.557419082495208
0.559347458383476
0.561274045172457
0.563198786524475
0.565121626322470
0.567042508676383
0.568961377929467
0.570878178664548
0.572792855710223
0.574705354146999
0.576615619313367
0.578523596811813
0.580429232514760
0.582332472570452
0.584233263408758
0.586131551746919
0.588027284595212
0.589920409262554
0.591810873362024
0.593698624816318
0.595583611863122
0.597465783060412
0.599345087291684
0.601221473771087
0.603094892048500
0.604965292014510
0.606832623905319
0.608696838307563
0.610557886163057
0.612415718773445
0.614270287804774
0.616121545291980
0.617969443643286
0.619813935644518
0.621654974463329
0.623492513653337
0.625326507158178
0.627156909315463
0.628983674860649
0.630806758930826
0.632626117068398
0.634441705224693
0.636253479763464
0.638061397464307
0.639865415525990
0.641665491569682
0.643461583642091
0.645253650218518
0.647041650205804
0.648825542945198
0.650605288215119
0.652380846233836
0.654152177662046
0.655919243605365
0.657682005616719
0.659440425698649
0.661194466305518
0.662944090345625
0.664689261183227
0.666429942640470
0.668166098999224
0.669897695002825
0.671624695857728
0.673347067235069
0.675064775272127
0.676777786573708
0.678486068213422
0.680189587734884
0.681888313152818
0.683582212954067
0.685271256098523
0.686955412019964
0.688634650626799
0.690308942302729
0.691978257907321
0.693642568776497
0.695301846722927
0.696956064036353
0.698605193483813
0.700249208309786
0.701888082236260
0.703521789462708
0.705150304665984
0.706773603000145
0.708391660096180
0.710004452061671
0.711611955480369
0.713214147411692
0.714811005390146
0.716402507424673
0.717988631997921
0.719569358065434
0.721144665054778
0.722714532864588
0.724278941863544
0.725837872889276
0.727391307247201
0.728939226709288
0.730481613512752
0.732018450358694
0.733549720410655
0.735075407293123
0.736595495089964
0.738109968342798
0.739618812049302
0.741122011661467
0.742619553083779
0.744111422671353
0.745597607228006
0.747078094004267
0.748552870695337
0.750021925438998
0.751485246813455
0.752942823835141
0.754394645956459
0.755840703063479
0.757280985473583
0.758715483933065
0.760144189614678
0.761567094115142
0.762984189452601
0.764395468064041
0.765800922802658
0.767200546935192
0.768594334139217
0.769982278500389
0.771364374509658
0.772740617060445
0.774111001445774
0.775475523355383
0.776834178872781
0.778186964472291
0.779533877016051
0.780874913750982
0.782210072305733
0.783539350687592
0.784862747279370
0.786180260836260
0.787491890482664
0.788797635709006
0.790097496368508
0.791391472673955
0.792679565194429
0.793961774852028
0.795238102918561
0.796508551012229
0.797773121094279
0.799031815465654
0.800284636763616
0.801531587958355
0.802772672349591
0.804007893563157
0.805237255547568
0.806460762570583
0.807678419215755
0.808890230378968
0.810096201264971
0.811296337383899
0.812490644547790
0.813679128867092
0.814861796747169
0.816038654884800
0.817209710264673
0.818374970155878
0.819534442108396
0.820688133949590
0.821836053780691
0.822978209973282
0.824114611165795
0.825245266259990
0.826370184417457
0.827489375056104
0.828602847846657
0.829710612709164
0.830812679809503
0.831909059555891
0.832999762595407
0.834084799810516
0.835164182315605
0.836237921453521
0.837306028792124
0.838368516120843
0.839425395447251
0.840476678993638
0.841522379193607
0.842562508688670
0.843597080324868
0.844626107149394
0.845649602407231
0.846667579537808
0.847680052171666
0.848687034127136
0.849688539407038
0.850684582195394
0.851675176854148
0.852660337919918
0.853640080100750
0.854614418272894
0.855583367477602
0.856546942917939
0.857505159955609
0.858458034107807
0.859405581044086
0.860347816583240
0.861284756690213
0.862216417473022
0.863142815179705
0.864063966195284
0.864979887038750
0.865890594360076
0.866796104937239
0.867696435673274
0.868591603593344
0.869481625841831
0.870366519679455
0.871246302480408
0.872120991729518
0.872990605019426
0.873855160047799
0.874714674614551
0.875569166619102
0.876418654057647
0.877263155020458
0.878102687689206
0.878937270334308
0.879766921312293
0.880591659063202
0.881411502108001
0.882226469046028
0.883036578552455
0.883841849375783
0.884642300335355
0.885437950318899
0.886228818280090
0.887014923236140
0.887796284265414
0.888572920505067
0.889344851148710
0.890112095444094
0.890874672690829
0.891632602238117
0.892385903482522
0.893134595865748
0.893878698872462
0.894618232028124
0.895353214896856
0.896083667079322
0.896809608210647
0.897531057958350
0.898248036020306
0.898960562122733
0.899668656018204
0.900372337483680
0.901071626318571
0.901766542342822
0.902457105395020
0.903143335330528
0.903825252019641
0.904502875345772
0.905176225203653
0.905845321497566
0.906510184139598
0.907170833047918
0.907827288145078
0.908479569356338
0.909127696608013
0.909771689825847
0.910411568933408
0.911047353850503
0.911679064491626
0.912306720764413
0.912930342568138
0.913549949792218
0.914165562314746
0.914777200001048
0.915384882702255
0.915988630253910
0.916588462474583
0.917184399164516
0.917776460104290
0.918364665053508
0.918949033749509
0.919529585906088
0.920106341212257
0.920679319331008
0.921248539898111
0.921814022520924
0.922375786777229
0.922933852214083
0.923488238346695
0.924038964657319
0.924586050594168
0.925129515570349
0.925669378962815
0.926205660111340
0.926738378317510
0.927267552843732
0.927793202912270
0.928315347704286
0.928834006358916
0.929349197972350
0.929860941596936
0.930369256240306
0.930874160864515
0.931375674385194
0.931873815670733
0.932368603541468
0.932860056768893
0.933348194074888
0.933833034130958
0.934314595557501
0.934792896923080
0.935267956743716
0.935739793482201
0.936208425547420
0.936673871293694
0.937136149020138
0.937595276970031
0.938051273330207
0.938504156230454
0.938953943742936
0.939400653881622
0.939844304601738
0.940284913799222
0.940722499310207
0.941157078910507
0.941588670315125
0.942017291177764
0.942442959090367
0.942865691582655
0.943285506121691
0.943702420111447
0.944116450892391
0.944527615741083
0.944935931869787
0.945341416426089
0.945744086492536
0.946143959086280
0.946541051158738
0.946935379595262
0.947326961214823
0.947715812769702
0.948101950945196
0.948485392359337
0.948866153562615
0.949244251037720
0.949619701199288
0.949992520393664
0.950362724898670
0.950730330923384
0.951095354607934
0.951457812023297
0.951817719171108
0.952175091983481
0.952529946322841
0.952882297981759
0.953232162682803
0.953579556078396
0.953924493750681
0.954266991211395
0.954607063901758
0.954944727192362
0.955279996383072
0.955612886702937
0.955943413310107
0.956271591291759
0.956597435664032
0.956920961371966
0.957242183289452
0.957561116219189
0.957877774892651
0.958192173970051
0.958504328040329
0.958814251621130
0.959121959158801
0.959427465028389
0.959730783533646
0.960031928907046
0.960330915309797
0.960627756831874
0.960922467492045
0.961215061237914
0.961505551945960
0.961793953421590
0.962080279399192
0.962364543542201
0.962646759443159
0.962926940623794
0.963205100535094
0.963481252557389
0.963755410000443
0.964027586103544
0.964297794035603
0.964566046895258
0.964832357710980
0.965096739441187
0.965359204974361
0.965619767129168
0.965878438654586
0.966135232230032
0.966390160465501
0.966643235901702
0.966894471010198
0.967143878193558
0.967391469785503
0.967637258051062
0.967881255186730
0.968123473320629
0.968363924512671
0.968602620754731
0.968839573970815
0.969074796017235
0.969308298682789
0.969540093688943
0.969770192690012
0.969998607273352
0.970225348959545
0.970450429202597
0.970673859390133
0.970895650843591
0.971115814818429
0.971334362504328
0.971551305025393
0.971766653440369
0.971980418742846
0.972192611861477
0.972403243660189
0.972612324938404
0.972819866431258
0.973025878809823
0.973230372681329
0.973433358589393
0.973634847014243
0.973834848372948
0.974033373019654
0.974230431245809
0.974426033280404
0.974620189290204
0.974812909379989
0.975004203592793
0.975194081910140
0.975382554252293
0.975569630478491
0.975755320387193
0.975939633716331
0.976122580143548
0.976304169286450
0.976484410702857
0.976663313891047
0.976840888290012
0.977017143279710
0.977192088181312
0.977365732257464
0.977538084712535
0.977709154692874
0.977878951287068
0.978047483526196
0.978214760384086
0.978380790777577
0.978545583566774
0.978709147555305
0.978871491490587
0.979032624064079
0.979192553911548
0.979351289613326
0.979508839694574
0.979665212625541
0.979820416821827
0.979974460644644
0.980127352401082
0.980279100344365
0.980429712674121
0.980579197536638
0.980727563025133
0.980874817180008
0.981020967989121
0.981166023388042
0.981309991260322
0.981452879437749
0.981594695700620
0.981735447777994
0.981875143347962
0.982013790037908
